function data()
return {
	times = { 0, 100, 200, 300, 400, 500, 600, 700, 800, 900, 1000, 1100, 1200, 1300, 1400, 1500, 1600, 1700, 1800, 1900, 2000, 2100, 2200, 2300, 2400, 2500, 2600, 2700, 2800, 2900, 3000, },
	transfs = {
		{ 1, 0, 0, 0, 0, 1, 0, 0, 0, 0, 1, 0, 0, 2.02915398404e-05, -3.0517577442879e-07, 1, },
		{ 0.97814762592316, 0.20791168510914, 0, 0, -0.20791168510914, 0.97814762592316, 0, 0, 0, 0, 1, 0, 0, 0, -3.0517577442879e-07, 1, },
		{ 0.91354537010193, 0.40673664212227, 0, 0, -0.40673664212227, 0.91354537010193, 0, 0, 0, 0, 1, 0, 0, 0, -3.0517577442879e-07, 1, },
		{ 0.80901700258255, 0.58778524398804, 0, 0, -0.58778524398804, 0.80901700258255, 0, 0, 0, 0, 1, 0, 0, 0, -3.0517577442879e-07, 1, },
		{ 0.66913056373596, 0.74314481019974, 0, 0, -0.74314481019974, 0.66913056373596, 0, 0, 0, 0, 1, 0, 0, 0, -3.0517577442879e-07, 1, },
		{ 0.5, 0.86602538824081, 0, 0, -0.86602538824081, 0.5, 0, 0, 0, 0, 1, 0, 0, 0, -3.0517577442879e-07, 1, },
		{ 0.30901700258255, 0.95105654001236, 0, 0, -0.95105654001236, 0.30901700258255, 0, 0, 0, 0, 1, 0, 0, 0, -3.0517577442879e-07, 1, },
		{ 0.10452846437693, 0.99452191591263, 0, 0, -0.99452191591263, 0.10452846437693, 0, 0, 0, 0, 1, 0, 0, 0, -3.0517577442879e-07, 1, },
		{ -0.10452846437693, 0.99452191591263, 0, 0, -0.99452191591263, -0.10452846437693, 0, 0, 0, 0, 1, 0, 0, 0, -3.0517577442879e-07, 1, },
		{ -0.30901700258255, 0.95105654001236, 0, 0, -0.95105654001236, -0.30901700258255, 0, 0, 0, 0, 1, 0, 0, 0, -3.0517577442879e-07, 1, },
		{ -0.5, 0.86602538824081, 0, 0, -0.86602538824081, -0.5, 0, 0, 0, 0, 1, 0, 0, 0, -3.0517577442879e-07, 1, },
		{ -0.66913056373596, 0.74314481019974, 0, 0, -0.74314481019974, -0.66913056373596, 0, 0, 0, 0, 1, 0, 0, 0, -3.0517577442879e-07, 1, },
		{ -0.80901700258255, 0.58778524398804, 0, 0, -0.58778524398804, -0.80901700258255, 0, 0, 0, 0, 1, 0, 0, 0, -3.0517577442879e-07, 1, },
		{ -0.91354537010193, 0.40673664212227, 0, 0, -0.40673664212227, -0.91354537010193, 0, 0, 0, 0, 1, 0, 0, 0, -3.0517577442879e-07, 1, },
		{ -0.97814762592316, 0.20791168510914, 0, 0, -0.20791168510914, -0.97814762592316, 0, 0, 0, 0, 1, 0, 0, 0, -3.0517577442879e-07, 1, },
		{ -1, 1.2246468525852e-16, 0, 0, -1.2246468525852e-16, -1, 0, 0, 0, 0, 1, 0, 0, 0, -3.0517577442879e-07, 1, },
		{ -0.97814762592316, -0.20791168510914, 0, 0, 0.20791168510914, -0.97814762592316, 0, 0, 0, 0, 1, 0, 0, 0, -3.0517577442879e-07, 1, },
		{ -0.91354537010193, -0.40673664212227, 0, 0, 0.40673664212227, -0.91354537010193, 0, 0, 0, 0, 1, 0, 0, 0, -3.0517577442879e-07, 1, },
		{ -0.80901700258255, -0.58778524398804, 0, 0, 0.58778524398804, -0.80901700258255, 0, 0, 0, 0, 1, 0, 0, 0, -3.0517577442879e-07, 1, },
		{ -0.66913056373596, -0.74314481019974, 0, 0, 0.74314481019974, -0.66913056373596, 0, 0, 0, 0, 1, 0, 0, 0, -3.0517577442879e-07, 1, },
		{ -0.5, -0.86602538824081, 0, 0, 0.86602538824081, -0.5, 0, 0, 0, 0, 1, 0, 0, 0, -3.0517577442879e-07, 1, },
		{ -0.30901700258255, -0.95105654001236, 0, 0, 0.95105654001236, -0.30901700258255, 0, 0, 0, 0, 1, 0, 0, 0, -3.0517577442879e-07, 1, },
		{ -0.10452846437693, -0.99452191591263, 0, 0, 0.99452191591263, -0.10452846437693, 0, 0, 0, 0, 1, 0, 0, 0, -3.0517577442879e-07, 1, },
		{ 0.10452846437693, -0.99452191591263, 0, 0, 0.99452191591263, 0.10452846437693, 0, 0, 0, 0, 1, 0, 0, 0, -3.0517577442879e-07, 1, },
		{ 0.30901700258255, -0.95105654001236, 0, 0, 0.95105654001236, 0.30901700258255, 0, 0, 0, 0, 1, 0, 0, 0, -3.0517577442879e-07, 1, },
		{ 0.5, -0.86602538824081, 0, 0, 0.86602538824081, 0.5, 0, 0, 0, 0, 1, 0, 0, 0, -3.0517577442879e-07, 1, },
		{ 0.66913056373596, -0.74314481019974, 0, 0, 0.74314481019974, 0.66913056373596, 0, 0, 0, 0, 1, 0, 0, 0, -3.0517577442879e-07, 1, },
		{ 0.80901700258255, -0.58778524398804, 0, 0, 0.58778524398804, 0.80901700258255, 0, 0, 0, 0, 1, 0, 0, 0, -3.0517577442879e-07, 1, },
		{ 0.91354537010193, -0.40673664212227, 0, 0, 0.40673664212227, 0.91354537010193, 0, 0, 0, 0, 1, 0, 0, 0, -3.0517577442879e-07, 1, },
		{ 0.97814762592316, -0.20791168510914, 0, 0, 0.20791168510914, 0.97814762592316, 0, 0, 0, 0, 1, 0, 0, 0, -3.0517577442879e-07, 1, },
		{ 1, -2.4492937051703e-16, 0, 0, 2.4492937051703e-16, 1, 0, 0, 0, 0, 1, 0, 0, 0, -3.0517577442879e-07, 1, },
	},
}
end
